使用方法:
	semg_data_repair.exe -s <source dir/file> -d <destination dir/file>

Note:
	该程序仅应用于修复2014年9月1号以前的数据，且是8片电极同时戴上采集肌电手势的情况
	该程序将跳过非txt文件，非semg数据文件，时间晚于2014年9月1号的数据，已修复过的数据
	该程序将在已修复的数据中，第5行末插入"(repaired)"，并以此作为修复过的凭据，再次碰到已修复的数据会跳过
	该程序不影响源文件

修复的映射关系
var datamap []int = []int{
	/* 0 */ 8, 9, 10, 11, 12, 13, 14, 15, //新的0-7,等同于老的8-15
	/* 0 */ 0, 1, 2, 3, 4, 5, 6, 7, //新的8-15，等同于老的0-7
	/* 1 */ 120, 121, 122, 123, 124, 125, 126, 127, //16-23
	/* 1 */ 112, 113, 114, 115, 116, 117, 118, 119, //24-31
	/* 2 */ 104, 105, 106, 107, 108, 109, 110, 111, //32-39
	/* 2 */ 96, 97, 98, 99, 100, 101, 102, 103, //40-47
	/* 3 */ 88, 89, 90, 91, 92, 93, 94, 95,
	/* 3 */ 80, 81, 82, 83, 84, 85, 86, 87,
	/* 4 */ 72, 73, 74, 75, 76, 77, 78, 79,
	/* 4 */ 64, 65, 66, 67, 68, 69, 70, 71,
	/* 5 */ 56, 57, 58, 59, 60, 61, 62, 63,
	/* 5 */ 48, 49, 50, 51, 52, 53, 54, 55,
	/* 6 */ 40, 41, 42, 43, 44, 45, 46, 47,
	/* 6 */ 32, 33, 34, 35, 36, 37, 38, 39,
	/* 7 */ 24, 25, 26, 27, 28, 29, 30, 31,
	/* 7 */ 16, 17, 18, 19, 20, 21, 22, 23,
}